montpercfor1.asc
ncols         96
nrows         63
xllcorner     535247.48535908
yllcorner     285548.21024433
cellsize      620
NODATA_value  -9999
[rows 28 to 55 of 63, columns 0 to 62 of 96]
0.119334 0.119334 0.119334 0.107906 0.107906 0.1253482 0.1253482 0.1253482 0.01573427 0.01573427 0.06221673 0.06221673 0.06221673 0.05100625 0.05100625 0.05100625 0.02363573 0.02363573 0.0393401 0.0393401 0.0393401 0.01635906 0.01635906 0.01666667 0.01666667 0.01666667 0.1615799 0.1615799 0.05088757 0.05088757 0.05088757 0.01180146 0.01180146 0.01180146 0.08869565 0.08869565 0.5260417 0.5260417 0.5260417 0.4096007 0.4096007 0.2441113 0.2441113 0.2441113 0.2965275 0.2965275 0.2965275 0.1516484 0.1516484 0.04319554 0.04319554 0.04319554 0.1152778 0.1152778 0.1115506 0.1115506 0.1115506 0.01076389 0.01076389 0.01076389 0.4234109 0.4234109 0.06530045
0.07852676 0.07852676 0.07852676 0.02459016 0.02459016 0.09489051 0.09489051 0.09489051 0.07818317 0.07818317 0.11355 0.11355 0.11355 0.07173252 0.07173252 0.07173252 0.02637058 0.02637058 0.06244996 0.06244996 0.06244996 0.02083333 0.02083333 0.01289344 0.01289344 0.01289344 0.228125 0.228125 0.006247831 0.006247831 0.006247831 0.05552408 0.05552408 0.05552408 0.4220114 0.4220114 0.4498059 0.4498059 0.4498059 0.3704631 0.3704631 0.1049705 0.1049705 0.1049705 0.1804124 0.1804124 0.1804124 0.1083763 0.1083763 0.02748626 0.02748626 0.02748626 0.1362903 0.1362903 0.0878251 0.0878251 0.0878251 0.058125 0.058125 0.058125 0.1332837 0.1332837 0.06041666
0.07852676 0.07852676 0.07852676 0.02459016 0.02459016 0.09489051 0.09489051 0.09489051 0.07818317 0.07818317 0.11355 0.11355 0.11355 0.07173252 0.07173252 0.07173252 0.02637058 0.02637058 0.06244996 0.06244996 0.06244996 0.02083333 0.02083333 0.01289344 0.01289344 0.01289344 0.228125 0.228125 0.006247831 0.006247831 0.006247831 0.05552408 0.05552408 0.05552408 0.4220114 0.4220114 0.4498059 0.4498059 0.4498059 0.3704631 0.3704631 0.1049705 0.1049705 0.1049705 0.1804124 0.1804124 0.1804124 0.1083763 0.1083763 0.02748626 0.02748626 0.02748626 0.1362903 0.1362903 0.0878251 0.0878251 0.0878251 0.058125 0.058125 0.058125 0.1332837 0.1332837 0.06041666
0.07852676 0.07852676 0.07852676 0.02459016 0.02459016 0.09489051 0.09489051 0.09489051 0.07818317 0.07818317 0.11355 0.11355 0.11355 0.07173252 0.07173252 0.07173252 0.02637058 0.02637058 0.06244996 0.06244996 0.06244996 0.02083333 0.02083333 0.01289344 0.01289344 0.01289344 0.228125 0.228125 0.006247831 0.006247831 0.006247831 0.05552408 0.05552408 0.05552408 0.4220114 0.4220114 0.4498059 0.4498059 0.4498059 0.3704631 0.3704631 0.1049705 0.1049705 0.1049705 0.1804124 0.1804124 0.1804124 0.1083763 0.1083763 0.02748626 0.02748626 0.02748626 0.1362903 0.1362903 0.0878251 0.0878251 0.0878251 0.058125 0.058125 0.058125 0.1332837 0.1332837 0.06041666
-9999 -9999 -9999 -9999 -9999 -9999 -9999 -9999 -9999 -9999 -9999 -9999 -9999 -9999 -9999 -9999 -9999 -9999 -9999 -9999 -9999 -9999 -9999 -9999 -9999 -9999 -9999 -9999 -9999 -9999 -9999 -9999 -9999 0.1254343 0.1198055 0.1198055 0.3057161 0.3057161 0.3057161 0.4903226 0.4903226 0.1222297 0.1222297 0.1222297 0.01298701 0.01298701 0.01298701 0.07986111 0.07986111 0.06567284 0.06567284 0.06567284 0.1179487 0.1179487 0.1476977 0.1476977 0.1476977 0.2577778 0.2577778 0.2577778 0.20625 0.20625 0.1816824
-9999 -9999 -9999 -9999 -9999 -9999 -9999 -9999 -9999 -9999 -9999 -9999 -9999 -9999 -9999 -9999 -9999 -9999 -9999 -9999 -9999 -9999 -9999 -9999 -9999 -9999 -9999 -9999 -9999 -9999 -9999 -9999 -9999 0.1254343 0.1198055 0.1198055 0.3057161 0.3057161 0.3057161 0.4903226 0.4903226 0.1222297 0.1222297 0.1222297 0.01298701 0.01298701 0.01298701 0.07986111 0.07986111 0.06567284 0.06567284 0.06567284 0.1179487 0.1179487 0.1476977 0.1476977 0.1476977 0.2577778 0.2577778 0.2577778 0.20625 0.20625 0.1816824
-9999 -9999 -9999 -9999 -9999 -9999 -9999 -9999 -9999 -9999 -9999 -9999 -9999 -9999 -9999 -9999 -9999 -9999 -9999 -9999 -9999 -9999 -9999 -9999 -9999 -9999 -9999 -9999 -9999 -9999 -9999 -9999 -9999 0.06280361 0.05140389 0.05140389 0.4919654 0.4919654 0.4919654 0.3807206 0.3807206 0.13694 0.13694 0.13694 0.09853862 0.09853862 0.09853862 0.05067685 0.05067685 0.03565891 0.03565891 0.03565891 0.02461538 0.02461538 0.03540437 0.03540437 0.03540437 0.2370441 0.2370441 0.2370441 0.364719 0.364719 0.3059702
-9999 -9999 -9999 -9999 -9999 -9999 -9999 -9999 -9999 -9999 -9999 -9999 -9999 -9999 -9999 -9999 -9999 -9999 -9999 -9999 -9999 -9999 -9999 -9999 -9999 -9999 -9999 -9999 -9999 -9999 -9999 -9999 -9999 0.06280361 0.05140389 0.05140389 0.4919654 0.4919654 0.4919654 0.3807206 0.3807206 0.13694 0.13694 0.13694 0.09853862 0.09853862 0.09853862 0.05067685 0.05067685 0.03565891 0.03565891 0.03565891 0.02461538 0.02461538 0.03540437 0.03540437 0.03540437 0.2370441 0.2370441 0.2370441 0.364719 0.364719 0.3059702
-9999 -9999 -9999 -9999 -9999 -9999 -9999 -9999 -9999 -9999 -9999 -9999 -9999 -9999 -9999 -9999 -9999 -9999 -9999 -9999 -9999 -9999 -9999 -9999 -9999 -9999 -9999 -9999 -9999 -9999 -9999 -9999 -9999 0.06280361 0.05140389 0.05140389 0.4919654 0.4919654 0.4919654 0.3807206 0.3807206 0.13694 0.13694 0.13694 0.09853862 0.09853862 0.09853862 0.05067685 0.05067685 0.03565891 0.03565891 0.03565891 0.02461538 0.02461538 0.03540437 0.03540437 0.03540437 0.2370441 0.2370441 0.2370441 0.364719 0.364719 0.3059702
-9999 -9999 -9999 -9999 -9999 -9999 -9999 -9999 -9999 -9999 -9999 -9999 -9999 -9999 -9999 -9999 -9999 -9999 -9999 -9999 -9999 -9999 -9999 -9999 -9999 -9999 -9999 -9999 -9999 -9999 -9999 -9999 -9999 0.1682872 0.4044044 0.4044044 0.3535953 0.3535953 0.3535953 0.2608187 0.2608187 0.05798611 0.05798611 0.05798611 0.07658834 0.07658834 0.07658834 0.04134816 0.04134816 0.006944444 0.006944444 0.006944444 0.05383814 0.05383814 0.1003124 0.1003124 0.1003124 0.07254425 0.07254425 0.07254425 0.1181435 0.1181435 0.4554456
-9999 -9999 -9999 -9999 -9999 -9999 -9999 -9999 -9999 -9999 -9999 -9999 -9999 -9999 -9999 -9999 -9999 -9999 -9999 -9999 -9999 -9999 -9999 -9999 -9999 -9999 -9999 -9999 -9999 -9999 -9999 -9999 -9999 0.1682872 0.4044044 0.4044044 0.3535953 0.3535953 0.3535953 0.2608187 0.2608187 0.05798611 0.05798611 0.05798611 0.07658834 0.07658834 0.07658834 0.04134816 0.04134816 0.006944444 0.006944444 0.006944444 0.05383814 0.05383814 0.1003124 0.1003124 0.1003124 0.07254425 0.07254425 0.07254425 0.1181435 0.1181435 0.4554456
-9999 -9999 -9999 -9999 -9999 -9999 -9999 -9999 -9999 -9999 -9999 -9999 -9999 -9999 -9999 -9999 -9999 -9999 -9999 -9999 -9999 -9999 -9999 -9999 -9999 -9999 -9999 -9999 -9999 -9999 -9999 -9999 -9999 0.1682872 0.4044044 0.4044044 0.3535953 0.3535953 0.3535953 0.2608187 0.2608187 0.05798611 0.05798611 0.05798611 0.07658834 0.07658834 0.07658834 0.04134816 0.04134816 0.006944444 0.006944444 0.006944444 0.05383814 0.05383814 0.1003124 0.1003124 0.1003124 0.07254425 0.07254425 0.07254425 0.1181435 0.1181435 0.4554456
-9999 -9999 -9999 -9999 -9999 -9999 -9999 -9999 -9999 -9999 -9999 -9999 -9999 -9999 -9999 -9999 -9999 -9999 -9999 -9999 -9999 -9999 -9999 -9999 -9999 -9999 -9999 -9999 -9999 -9999 -9999 -9999 -9999 0.470864 0.4672897 0.4672897 0.1984 0.1984 0.1984 0.08004552 0.08004552 0.02601279 0.02601279 0.02601279 0.04294945 0.04294945 0.04294945 0.138058 0.138058 0.06923077 0.06923077 0.06923077 0.1026087 0.1026087 0.05 0.05 0.05 0.1242089 0.1242089 0.1242089 0.2137643 0.2137643 0.5224867
-9999 -9999 -9999 -9999 -9999 -9999 -9999 -9999 -9999 -9999 -9999 -9999 -9999 -9999 -9999 -9999 -9999 -9999 -9999 -9999 -9999 -9999 -9999 -9999 -9999 -9999 -9999 -9999 -9999 -9999 -9999 -9999 -9999 0.470864 0.4672897 0.4672897 0.1984 0.1984 0.1984 0.08004552 0.08004552 0.02601279 0.02601279 0.02601279 0.04294945 0.04294945 0.04294945 0.138058 0.138058 0.06923077 0.06923077 0.06923077 0.1026087 0.1026087 0.05 0.05 0.05 0.1242089 0.1242089 0.1242089 0.2137643 0.2137643 0.5224867
-9999 -9999 -9999 -9999 -9999 -9999 -9999 -9999 -9999 -9999 -9999 -9999 -9999 -9999 -9999 -9999 -9999 -9999 -9999 -9999 -9999 -9999 -9999 -9999 -9999 -9999 -9999 -9999 -9999 -9999 -9999 -9999 -9999 0.5540418 0.5864662 0.5864662 0.165018 0.165018 0.165018 0.2496285 0.2496285 0.05077263 0.05077263 0.05077263 0.04342581 0.04342581 0.04342581 0.09991942 0.09991942 0.04201389 0.04201389 0.04201389 0.0106383 0.0106383 0.01041667 0.01041667 0.01041667 0.15689 0.15689 0.15689 0.09730069 0.09730069 0.05038335
-9999 -9999 -9999 -9999 -9999 -9999 -9999 -9999 -9999 -9999 -9999 -9999 -9999 -9999 -9999 -9999 -9999 -9999 -9999 -9999 -9999 -9999 -9999 -9999 -9999 -9999 -9999 -9999 -9999 -9999 -9999 -9999 -9999 0.5540418 0.5864662 0.5864662 0.165018 0.165018 0.165018 0.2496285 0.2496285 0.05077263 0.05077263 0.05077263 0.04342581 0.04342581 0.04342581 0.09991942 0.09991942 0.04201389 0.04201389 0.04201389 0.0106383 0.0106383 0.01041667 0.01041667 0.01041667 0.15689 0.15689 0.15689 0.09730069 0.09730069 0.05038335
-9999 -9999 -9999 -9999 -9999 -9999 -9999 -9999 -9999 -9999 -9999 -9999 -9999 -9999 -9999 -9999 -9999 -9999 -9999 -9999 -9999 -9999 -9999 -9999 -9999 -9999 -9999 -9999 -9999 -9999 -9999 -9999 -9999 0.5540418 0.5864662 0.5864662 0.165018 0.165018 0.165018 0.2496285 0.2496285 0.05077263 0.05077263 0.05077263 0.04342581 0.04342581 0.04342581 0.09991942 0.09991942 0.04201389 0.04201389 0.04201389 0.0106383 0.0106383 0.01041667 0.01041667 0.01041667 0.15689 0.15689 0.15689 0.09730069 0.09730069 0.05038335
-9999 -9999 -9999 -9999 -9999 -9999 -9999 -9999 -9999 -9999 -9999 -9999 -9999 -9999 -9999 -9999 -9999 -9999 -9999 -9999 -9999 -9999 -9999 -9999 -9999 -9999 -9999 -9999 -9999 -9999 -9999 -9999 -9999 0.8138889 0.2375297 0.2375297 0.1681223 0.1681223 0.1681223 0.2102389 0.2102389 0.02556391 0.02556391 0.02556391 0.05863983 0.05863983 0.05863983 0.04237583 0.04237583 0.01630812 0.01630812 0.01630812 0.08202064 0.08202064 0.003861004 0.003861004 0.003861004 0.0457971 0.0457971 0.0457971 0.03596369 0.03596369 0.04513889
-9999 -9999 -9999 -9999 -9999 -9999 -9999 -9999 -9999 -9999 -9999 -9999 -9999 -9999 -9999 -9999 -9999 -9999 -9999 -9999 -9999 -9999 -9999 -9999 -9999 -9999 -9999 -9999 -9999 -9999 -9999 -9999 -9999 0.8138889 0.2375297 0.2375297 0.1681223 0.1681223 0.1681223 0.2102389 0.2102389 0.02556391 0.02556391 0.02556391 0.05863983 0.05863983 0.05863983 0.04237583 0.04237583 0.01630812 0.01630812 0.01630812 0.08202064 0.08202064 0.003861004 0.003861004 0.003861004 0.0457971 0.0457971 0.0457971 0.03596369 0.03596369 0.04513889
-9999 -9999 -9999 -9999 -9999 -9999 -9999 -9999 -9999 -9999 -9999 -9999 -9999 -9999 -9999 -9999 -9999 -9999 -9999 -9999 -9999 -9999 -9999 -9999 -9999 -9999 -9999 -9999 -9999 -9999 -9999 -9999 -9999 0.4604502 0.5349206 0.5349206 0.2787958 0.2787958 0.2787958 0.1790451 0.1790451 0.02533842 0.02533842 0.02533842 0.03776325 0.03776325 0.03776325 0.05664194 0.05664194 0.09682804 0.09682804 0.09682804 0.04492363 0.04492363 0.070771 0.070771 0.070771 0.07070707 0.07070707 0.07070707 0.03966402 0.03966402 0.02943516
-9999 -9999 -9999 -9999 -9999 -9999 -9999 -9999 -9999 -9999 -9999 -9999 -9999 -9999 -9999 -9999 -9999 -9999 -9999 -9999 -9999 -9999 -9999 -9999 -9999 -9999 -9999 -9999 -9999 -9999 -9999 -9999 -9999 0.4604502 0.5349206 0.5349206 0.2787958 0.2787958 0.2787958 0.1790451 0.1790451 0.02533842 0.02533842 0.02533842 0.03776325 0.03776325 0.03776325 0.05664194 0.05664194 0.09682804 0.09682804 0.09682804 0.04492363 0.04492363 0.070771 0.070771 0.070771 0.07070707 0.07070707 0.07070707 0.03966402 0.03966402 0.02943516
-9999 -9999 -9999 -9999 -9999 -9999 -9999 -9999 -9999 -9999 -9999 -9999 -9999 -9999 -9999 -9999 -9999 -9999 -9999 -9999 -9999 -9999 -9999 -9999 -9999 -9999 -9999 -9999 -9999 -9999 -9999 -9999 -9999 0.4604502 0.5349206 0.5349206 0.2787958 0.2787958 0.2787958 0.1790451 0.1790451 0.02533842 0.02533842 0.02533842 0.03776325 0.03776325 0.03776325 0.05664194 0.05664194 0.09682804 0.09682804 0.09682804 0.04492363 0.04492363 0.070771 0.070771 0.070771 0.07070707 0.07070707 0.07070707 0.03966402 0.03966402 0.02943516
-9999 -9999 -9999 -9999 -9999 -9999 -9999 -9999 -9999 -9999 -9999 -9999 -9999 -9999 -9999 -9999 -9999 -9999 -9999 -9999 -9999 -9999 -9999 -9999 -9999 -9999 -9999 -9999 -9999 -9999 -9999 -9999 -9999 0.2748092 0.2566308 0.2566308 0.1119114 0.1119114 0.1119114 0.04923599 0.04923599 0.05471125 0.05471125 0.05471125 0.1266094 0.1266094 0.1266094 0.04292528 0.04292528 0.03125 0.03125 0.03125 0.09826389 0.09826389 0.03195554 0.03195554 0.03195554 0.2056269 0.2056269 0.2056269 0.02185982 0.02185982 0.05998724
-9999 -9999 -9999 -9999 -9999 -9999 -9999 -9999 -9999 -9999 -9999 -9999 -9999 -9999 -9999 -9999 -9999 -9999 -9999 -9999 -9999 -9999 -9999 -9999 -9999 -9999 -9999 -9999 -9999 -9999 -9999 -9999 -9999 0.2748092 0.2566308 0.2566308 0.1119114 0.1119114 0.1119114 0.04923599 0.04923599 0.05471125 0.05471125 0.05471125 0.1266094 0.1266094 0.1266094 0.04292528 0.04292528 0.03125 0.03125 0.03125 0.09826389 0.09826389 0.03195554 0.03195554 0.03195554 0.2056269 0.2056269 0.2056269 0.02185982 0.02185982 0.05998724
-9999 -9999 -9999 -9999 -9999 -9999 -9999 -9999 -9999 -9999 -9999 -9999 -9999 -9999 -9999 -9999 -9999 -9999 -9999 -9999 -9999 -9999 -9999 -9999 -9999 -9999 -9999 -9999 -9999 -9999 -9999 -9999 -9999 0.2748092 0.2566308 0.2566308 0.1119114 0.1119114 0.1119114 0.04923599 0.04923599 0.05471125 0.05471125 0.05471125 0.1266094 0.1266094 0.1266094 0.04292528 0.04292528 0.03125 0.03125 0.03125 0.09826389 0.09826389 0.03195554 0.03195554 0.03195554 0.2056269 0.2056269 0.2056269 0.02185982 0.02185982 0.05998724
-9999 -9999 -9999 -9999 -9999 -9999 -9999 -9999 -9999 -9999 -9999 -9999 -9999 -9999 -9999 -9999 -9999 -9999 -9999 -9999 -9999 -9999 -9999 -9999 -9999 -9999 -9999 -9999 -9999 -9999 -9999 -9999 -9999 0.1174427 0.1994751 0.1994751 0.2267503 0.2267503 0.2267503 0.2796976 0.2796976 0.4245283 0.4245283 0.4245283 0.04631579 0.04631579 0.04631579 0.01747967 0.01747967 0.01777251 0.01777251 0.01777251 0.0188221 0.0188221 0.08172043 0.08172043 0.08172043 0.08318372 0.08318372 0.08318372 0.07777778 0.07777778 0.1529689
-9999 -9999 -9999 -9999 -9999 -9999 -9999 -9999 -9999 -9999 -9999 -9999 -9999 -9999 -9999 -9999 -9999 -9999 -9999 -9999 -9999 -9999 -9999 -9999 -9999 -9999 -9999 -9999 -9999 -9999 -9999 -9999 -9999 0.1174427 0.1994751 0.1994751 0.2267503 0.2267503 0.2267503 0.2796976 0.2796976 0.4245283 0.4245283 0.4245283 0.04631579 0.04631579 0.04631579 0.01747967 0.01747967 0.01777251 0.01777251 0.01777251 0.0188221 0.0188221 0.08172043 0.08172043 0.08172043 0.08318372 0.08318372 0.08318372 0.07777778 0.07777778 0.1529689
-9999 -9999 -9999 -9999 -9999 -9999 -9999 -9999 -9999 -9999 -9999 -9999 -9999 -9999 -9999 -9999 -9999 -9999 -9999 -9999 -9999 -9999 -9999 -9999 -9999 -9999 -9999 -9999 -9999 -9999 -9999 -9999 -9999 0.3065596 0.4464528 0.4464528 0.3906089 0.3906089 0.3906089 0.3193974 0.3193974 0.5761803 0.5761803 0.5761803 0.1798757 0.1798757 0.1798757 0.02323838 0.02323838 0.2111356 0.2111356 0.2111356 0.09131293 0.09131293 0.1122995 0.1122995 0.1122995 0.2359823 0.2359823 0.2359823 0.2100248 0.2100248 0.1133455
