montpercfor1.asc
ncols         96
nrows         63
xllcorner     535247.48535908
yllcorner     285548.21024433
cellsize      620
NODATA_value  -9999
[rows 0 to 27 of 63, columns 0 to 62 of 96]
-9999 -9999 -9999 -9999 -9999 -9999 -9999 -9999 -9999 -9999 -9999 -9999 -9999 -9999 -9999 -9999 -9999 -9999 -9999 -9999 0.1830357 0.08648837 0.08648837 0.09270833 0.09270833 0.09270833 0.1010768 0.1010768 0.08058354 0.08058354 0.08058354 0.1655675 0.1655675 0.1655675 0.3475694 0.3475694 0.4172494 0.4172494 0.4172494 0.09765625 0.09765625 0.1529657 0.1529657 0.1529657 0.1181376 0.1181376 0.1181376 0.2700451 0.2700451 0.1213069 0.1213069 0.1213069 0.03575298 0.03575298 0.07291666 0.07291666 0.07291666 -9999 0.04412865 0.04412865 0.0170198 0.0170198 0.02637749
0.679278 0.679278 0.679278 0.6870441 0.6870441 0.696286 0.696286 0.696286 0.5949848 0.5949848 0.1367581 0.1367581 0.1367581 0.3968033 0.3968033 0.3968033 0.234322 0.234322 0.1372222 0.1372222 0.1372222 0.03262756 0.03262756 0.0801805 0.0801805 0.0801805 0.08077304 0.08077304 0.07752956 0.07752956 0.07752956 0.3017578 0.3017578 0.3017578 0.2035054 0.2035054 0.1219226 0.1219226 0.1219226 0.08631415 0.08631415 0.2074357 0.2074357 0.2074357 0.4024983 0.4024983 0.4024983 0.2743056 0.2743056 0.2158223 0.2158223 0.2158223 0.04804045 0.04804045 0.1138494 0.1138494 0.1138494 0.09517045 0.09517045 0.09517045 0.1795139 0.1795139 0.1302442
0.679278 0.679278 0.679278 0.6870441 0.6870441 0.696286 0.696286 0.696286 0.5949848 0.5949848 0.1367581 0.1367581 0.1367581 0.3968033 0.3968033 0.3968033 0.234322 0.234322 0.1372222 0.1372222 0.1372222 0.03262756 0.03262756 0.0801805 0.0801805 0.0801805 0.08077304 0.08077304 0.07752956 0.07752956 0.07752956 0.3017578 0.3017578 0.3017578 0.2035054 0.2035054 0.1219226 0.1219226 0.1219226 0.08631415 0.08631415 0.2074357 0.2074357 0.2074357 0.4024983 0.4024983 0.4024983 0.2743056 0.2743056 0.2158223 0.2158223 0.2158223 0.04804045 0.04804045 0.1138494 0.1138494 0.1138494 0.09517045 0.09517045 0.09517045 0.1795139 0.1795139 0.1302442
0.7517361 0.7517361 0.7517361 0.644321 0.644321 0.5429436 0.5429436 0.5429436 0.6561862 0.6561862 0.2309028 0.2309028 0.2309028 0.169697 0.169697 0.169697 0.3646773 0.3646773 0.2249219 0.2249219 0.2249219 0.1199395 0.1199395 0.06257242 0.06257242 0.06257242 0.05767895 0.05767895 0.08185917 0.08185917 0.08185917 0.1164449 0.1164449 0.1164449 0.1734013 0.1734013 0.03784722 0.03784722 0.03784722 0.1071806 0.1071806 0.1126347 0.1126347 0.1126347 0.1604724 0.1604724 0.1604724 0.05036937 0.05036937 0.2170139 0.2170139 0.2170139 0.07936508 0.07936508 0.1477516 0.1477516 0.1477516 0.1976796 0.1976796 0.1976796 0.2337617 0.2337617 0.1582255
0.7517361 0.7517361 0.7517361 0.644321 0.644321 0.5429436 0.5429436 0.5429436 0.6561862 0.6561862 0.2309028 0.2309028 0.2309028 0.169697 0.169697 0.169697 0.3646773 0.3646773 0.2249219 0.2249219 0.2249219 0.1199395 0.1199395 0.06257242 0.06257242 0.06257242 0.05767895 0.05767895 0.08185917 0.08185917 0.08185917 0.1164449 0.1164449 0.1164449 0.1734013 0.1734013 0.03784722 0.03784722 0.03784722 0.1071806 0.1071806 0.1126347 0.1126347 0.1126347 0.1604724 0.1604724 0.1604724 0.05036937 0.05036937 0.2170139 0.2170139 0.2170139 0.07936508 0.07936508 0.1477516 0.1477516 0.1477516 0.1976796 0.1976796 0.1976796 0.2337617 0.2337617 0.1582255
0.7517361 0.7517361 0.7517361 0.644321 0.644321 0.5429436 0.5429436 0.5429436 0.6561862 0.6561862 0.2309028 0.2309028 0.2309028 0.169697 0.169697 0.169697 0.3646773 0.3646773 0.2249219 0.2249219 0.2249219 0.1199395 0.1199395 0.06257242 0.06257242 0.06257242 0.05767895 0.05767895 0.08185917 0.08185917 0.08185917 0.1164449 0.1164449 0.1164449 0.1734013 0.1734013 0.03784722 0.03784722 0.03784722 0.1071806 0.1071806 0.1126347 0.1126347 0.1126347 0.1604724 0.1604724 0.1604724 0.05036937 0.05036937 0.2170139 0.2170139 0.2170139 0.07936508 0.07936508 0.1477516 0.1477516 0.1477516 0.1976796 0.1976796 0.1976796 0.2337617 0.2337617 0.1582255
0.7247484 0.7247484 0.7247484 0.7211806 0.7211806 0.8683113 0.8683113 0.8683113 0.6395112 0.6395112 0.308094 0.308094 0.308094 0.2483131 0.2483131 0.2483131 0.3009198 0.3009198 0.4896871 0.4896871 0.4896871 0.03508772 0.03508772 0.1625 0.1625 0.1625 0.1423117 0.1423117 0.2981237 0.2981237 0.2981237 0.06803194 0.06803194 0.06803194 0.06568748 0.06568748 0.06185156 0.06185156 0.06185156 0.1143331 0.1143331 0.1584403 0.1584403 0.1584403 0.1131944 0.1131944 0.1131944 0.06145252 0.06145252 0.0841459 0.0841459 0.0841459 0.0892671 0.0892671 0.06271186 0.06271186 0.06271186 0.1492195 0.1492195 0.1492195 0.1509789 0.1509789 0.1600139
0.7247484 0.7247484 0.7247484 0.7211806 0.7211806 0.8683113 0.8683113 0.8683113 0.6395112 0.6395112 0.308094 0.308094 0.308094 0.2483131 0.2483131 0.2483131 0.3009198 0.3009198 0.4896871 0.4896871 0.4896871 0.03508772 0.03508772 0.1625 0.1625 0.1625 0.1423117 0.1423117 0.2981237 0.2981237 0.2981237 0.06803194 0.06803194 0.06803194 0.06568748 0.06568748 0.06185156 0.06185156 0.06185156 0.1143331 0.1143331 0.1584403 0.1584403 0.1584403 0.1131944 0.1131944 0.1131944 0.06145252 0.06145252 0.0841459 0.0841459 0.0841459 0.0892671 0.0892671 0.06271186 0.06271186 0.06271186 0.1492195 0.1492195 0.1492195 0.1509789 0.1509789 0.1600139
0.8457798 0.8457798 0.8457798 0.709823 0.709823 0.8580354 0.8580354 0.8580354 0.7746032 0.7746032 0.6593826 0.6593826 0.6593826 0.5290061 0.5290061 0.5290061 0.2729358 0.2729358 0.164557 0.164557 0.164557 0.1262327 0.1262327 0.08472222 0.08472222 0.08472222 0.3190154 0.3190154 0.309375 0.309375 0.309375 0.02826855 0.02826855 0.02826855 0.09112567 0.09112567 0.1072756 0.1072756 0.1072756 0.1086806 0.1086806 0.04878986 0.04878986 0.04878986 0.2123525 0.2123525 0.2123525 0.2202154 0.2202154 0.259889 0.259889 0.259889 0.07109005 0.07109005 0.1204443 0.1204443 0.1204443 0.065625 0.065625 0.065625 0.09100382 0.09100382 0.01840917
0.8457798 0.8457798 0.8457798 0.709823 0.709823 0.8580354 0.8580354 0.8580354 0.7746032 0.7746032 0.6593826 0.6593826 0.6593826 0.5290061 0.5290061 0.5290061 0.2729358 0.2729358 0.164557 0.164557 0.164557 0.1262327 0.1262327 0.08472222 0.08472222 0.08472222 0.3190154 0.3190154 0.309375 0.309375 0.309375 0.02826855 0.02826855 0.02826855 0.09112567 0.09112567 0.1072756 0.1072756 0.1072756 0.1086806 0.1086806 0.04878986 0.04878986 0.04878986 0.2123525 0.2123525 0.2123525 0.2202154 0.2202154 0.259889 0.259889 0.259889 0.07109005 0.07109005 0.1204443 0.1204443 0.1204443 0.065625 0.065625 0.065625 0.09100382 0.09100382 0.01840917
0.8457798 0.8457798 0.8457798 0.709823 0.709823 0.8580354 0.8580354 0.8580354 0.7746032 0.7746032 0.6593826 0.6593826 0.6593826 0.5290061 0.5290061 0.5290061 0.2729358 0.2729358 0.164557 0.164557 0.164557 0.1262327 0.1262327 0.08472222 0.08472222 0.08472222 0.3190154 0.3190154 0.309375 0.309375 0.309375 0.02826855 0.02826855 0.02826855 0.09112567 0.09112567 0.1072756 0.1072756 0.1072756 0.1086806 0.1086806 0.04878986 0.04878986 0.04878986 0.2123525 0.2123525 0.2123525 0.2202154 0.2202154 0.259889 0.259889 0.259889 0.07109005 0.07109005 0.1204443 0.1204443 0.1204443 0.065625 0.065625 0.065625 0.09100382 0.09100382 0.01840917
0.7736897 0.7736897 0.7736897 0.8699833 0.8699833 0.7702381 0.7702381 0.7702381 0.4770833 0.4770833 0.371345 0.371345 0.371345 0.2297521 0.2297521 0.2297521 0.04690659 0.04690659 0.02485796 0.02485796 0.02485796 0.07806367 0.07806367 0.03349282 0.03349282 0.03349282 0.3999305 0.3999305 0.01984469 0.01984469 0.01984469 0.1020108 0.1020108 0.1020108 0.08099689 0.08099689 0.0310386 0.0310386 0.0310386 0.09857688 0.09857688 0.09576683 0.09576683 0.09576683 0.109451 0.109451 0.109451 0.1042885 0.1042885 0.2070883 0.2070883 0.2070883 0.166898 0.166898 0.06115249 0.06115249 0.06115249 0.01456816 0.01456816 0.01456816 0.04445988 0.04445988 0.07093664
0.7736897 0.7736897 0.7736897 0.8699833 0.8699833 0.7702381 0.7702381 0.7702381 0.4770833 0.4770833 0.371345 0.371345 0.371345 0.2297521 0.2297521 0.2297521 0.04690659 0.04690659 0.02485796 0.02485796 0.02485796 0.07806367 0.07806367 0.03349282 0.03349282 0.03349282 0.3999305 0.3999305 0.01984469 0.01984469 0.01984469 0.1020108 0.1020108 0.1020108 0.08099689 0.08099689 0.0310386 0.0310386 0.0310386 0.09857688 0.09857688 0.09576683 0.09576683 0.09576683 0.109451 0.109451 0.109451 0.1042885 0.1042885 0.2070883 0.2070883 0.2070883 0.166898 0.166898 0.06115249 0.06115249 0.06115249 0.01456816 0.01456816 0.01456816 0.04445988 0.04445988 0.07093664
0.7736897 0.7736897 0.7736897 0.8699833 0.8699833 0.7702381 0.7702381 0.7702381 0.4770833 0.4770833 0.371345 0.371345 0.371345 0.2297521 0.2297521 0.2297521 0.04690659 0.04690659 0.02485796 0.02485796 0.02485796 0.07806367 0.07806367 0.03349282 0.03349282 0.03349282 0.3999305 0.3999305 0.01984469 0.01984469 0.01984469 0.1020108 0.1020108 0.1020108 0.08099689 0.08099689 0.0310386 0.0310386 0.0310386 0.09857688 0.09857688 0.09576683 0.09576683 0.09576683 0.109451 0.109451 0.109451 0.1042885 0.1042885 0.2070883 0.2070883 0.2070883 0.166898 0.166898 0.06115249 0.06115249 0.06115249 0.01456816 0.01456816 0.01456816 0.04445988 0.04445988 0.07093664
0.3895782 0.3895782 0.3895782 0.614711 0.614711 0.6597633 0.6597633 0.6597633 0.4371528 0.4371528 0.006622517 0.006622517 0.006622517 0.01134301 0.01134301 0.01134301 0.09164087 0.09164087 0.02744008 0.02744008 0.02744008 0.02392822 0.02392822 0.0625 0.0625 0.0625 0.1266375 0.1266375 0.09772824 0.09772824 0.09772824 0.1013185 0.1013185 0.1013185 0.1250968 0.1250968 0.1201389 0.1201389 0.1201389 0.07974733 0.07974733 0.1543165 0.1543165 0.1543165 0.2297813 0.2297813 0.2297813 0.2112006 0.2112006 0.1184028 0.1184028 0.1184028 0.01160542 0.01160542 0.01102362 0.01102362 0.01102362 0.01493574 0.01493574 0.01493574 0.01979167 0.01979167 0.01910385
0.3895782 0.3895782 0.3895782 0.614711 0.614711 0.6597633 0.6597633 0.6597633 0.4371528 0.4371528 0.006622517 0.006622517 0.006622517 0.01134301 0.01134301 0.01134301 0.09164087 0.09164087 0.02744008 0.02744008 0.02744008 0.02392822 0.02392822 0.0625 0.0625 0.0625 0.1266375 0.1266375 0.09772824 0.09772824 0.09772824 0.1013185 0.1013185 0.1013185 0.1250968 0.1250968 0.1201389 0.1201389 0.1201389 0.07974733 0.07974733 0.1543165 0.1543165 0.1543165 0.2297813 0.2297813 0.2297813 0.2112006 0.2112006 0.1184028 0.1184028 0.1184028 0.01160542 0.01160542 0.01102362 0.01102362 0.01102362 0.01493574 0.01493574 0.01493574 0.01979167 0.01979167 0.01910385
0.2127733 0.2127733 0.2127733 0.6767466 0.6767466 0.4138051 0.4138051 0.4138051 0.2144692 0.2144692 0.08567464 0.08567464 0.08567464 0.01355108 0.01355108 0.01355108 0.02488152 0.02488152 0.1578249 0.1578249 0.1578249 0.02084057 0.02084057 0.02030708 0.02030708 0.02030708 0.06825499 0.06825499 0.0274765 0.0274765 0.0274765 0.05097546 0.05097546 0.05097546 0.04583602 0.04583602 0.1065972 0.1065972 0.1065972 0.2088103 0.2088103 0.03092425 0.03092425 0.03092425 0.1669559 0.1669559 0.1669559 0.3107756 0.3107756 0.1252602 0.1252602 0.1252602 0.03472222 0.03472222 0.03956959 0.03956959 0.03956959 0.0378198 0.0378198 0.0378198 0.01215278 0.01215278 0.02708333
0.2127733 0.2127733 0.2127733 0.6767466 0.6767466 0.4138051 0.4138051 0.4138051 0.2144692 0.2144692 0.08567464 0.08567464 0.08567464 0.01355108 0.01355108 0.01355108 0.02488152 0.02488152 0.1578249 0.1578249 0.1578249 0.02084057 0.02084057 0.02030708 0.02030708 0.02030708 0.06825499 0.06825499 0.0274765 0.0274765 0.0274765 0.05097546 0.05097546 0.05097546 0.04583602 0.04583602 0.1065972 0.1065972 0.1065972 0.2088103 0.2088103 0.03092425 0.03092425 0.03092425 0.1669559 0.1669559 0.1669559 0.3107756 0.3107756 0.1252602 0.1252602 0.1252602 0.03472222 0.03472222 0.03956959 0.03956959 0.03956959 0.0378198 0.0378198 0.0378198 0.01215278 0.01215278 0.02708333
0.2127733 0.2127733 0.2127733 0.6767466 0.6767466 0.4138051 0.4138051 0.4138051 0.2144692 0.2144692 0.08567464 0.08567464 0.08567464 0.01355108 0.01355108 0.01355108 0.02488152 0.02488152 0.1578249 0.1578249 0.1578249 0.02084057 0.02084057 0.02030708 0.02030708 0.02030708 0.06825499 0.06825499 0.0274765 0.0274765 0.0274765 0.05097546 0.05097546 0.05097546 0.04583602 0.04583602 0.1065972 0.1065972 0.1065972 0.2088103 0.2088103 0.03092425 0.03092425 0.03092425 0.1669559 0.1669559 0.1669559 0.3107756 0.3107756 0.1252602 0.1252602 0.1252602 0.03472222 0.03472222 0.03956959 0.03956959 0.03956959 0.0378198 0.0378198 0.0378198 0.01215278 0.01215278 0.02708333
0.5175097 0.5175097 0.5175097 0.2816902 0.2816902 0.7343813 0.7343813 0.7343813 0.2263622 0.2263622 0 0 0 0.02948318 0.02948318 0.02948318 0.03265022 0.03265022 0.01335113 0.01335113 0.01335113 0.0097256 0.0097256 0.04539386 0.04539386 0.04539386 0.1217391 0.1217391 0.08874459 0.08874459 0.08874459 0.06770834 0.06770834 0.06770834 0.2163688 0.2163688 0.4086806 0.4086806 0.4086806 0.2651147 0.2651147 0.04198473 0.04198473 0.04198473 0.1932569 0.1932569 0.1932569 0.2226847 0.2226847 0.03195554 0.03195554 0.03195554 0.09652367 0.09652367 0.06880734 0.06880734 0.06880734 0.02637058 0.02637058 0.02637058 0.2074315 0.2074315 0.03784722
0.5175097 0.5175097 0.5175097 0.2816902 0.2816902 0.7343813 0.7343813 0.7343813 0.2263622 0.2263622 0 0 0 0.02948318 0.02948318 0.02948318 0.03265022 0.03265022 0.01335113 0.01335113 0.01335113 0.0097256 0.0097256 0.04539386 0.04539386 0.04539386 0.1217391 0.1217391 0.08874459 0.08874459 0.08874459 0.06770834 0.06770834 0.06770834 0.2163688 0.2163688 0.4086806 0.4086806 0.4086806 0.2651147 0.2651147 0.04198473 0.04198473 0.04198473 0.1932569 0.1932569 0.1932569 0.2226847 0.2226847 0.03195554 0.03195554 0.03195554 0.09652367 0.09652367 0.06880734 0.06880734 0.06880734 0.02637058 0.02637058 0.02637058 0.2074315 0.2074315 0.03784722
0.655544 0.655544 0.655544 0.4105691 0.4105691 0.4387097 0.4387097 0.4387097 0.04317269 0.04317269 0.004722121 0.004722121 0.004722121 0.0006946857 0.0006946857 0.0006946857 0.01631944 0.01631944 0.0246067 0.0246067 0.0246067 0.02706454 0.02706454 0.01985472 0.01985472 0.01985472 0.06176266 0.06176266 0.09489403 0.09489403 0.09489403 0.08445946 0.08445946 0.08445946 0.4916201 0.4916201 0.8347222 0.8347222 0.8347222 0.621049 0.621049 0.02632886 0.02632886 0.02632886 0.04512322 0.04512322 0.04512322 0.2389719 0.2389719 0.2315152 0.2315152 0.2315152 0.06252171 0.06252171 0.02637058 0.02637058 0.02637058 0.04131944 0.04131944 0.04131944 0.1422039 0.1422039 0.03717859
0.655544 0.655544 0.655544 0.4105691 0.4105691 0.4387097 0.4387097 0.4387097 0.04317269 0.04317269 0.004722121 0.004722121 0.004722121 0.0006946857 0.0006946857 0.0006946857 0.01631944 0.01631944 0.0246067 0.0246067 0.0246067 0.02706454 0.02706454 0.01985472 0.01985472 0.01985472 0.06176266 0.06176266 0.09489403 0.09489403 0.09489403 0.08445946 0.08445946 0.08445946 0.4916201 0.4916201 0.8347222 0.8347222 0.8347222 0.621049 0.621049 0.02632886 0.02632886 0.02632886 0.04512322 0.04512322 0.04512322 0.2389719 0.2389719 0.2315152 0.2315152 0.2315152 0.06252171 0.06252171 0.02637058 0.02637058 0.02637058 0.04131944 0.04131944 0.04131944 0.1422039 0.1422039 0.03717859
0.655544 0.655544 0.655544 0.4105691 0.4105691 0.4387097 0.4387097 0.4387097 0.04317269 0.04317269 0.004722121 0.004722121 0.004722121 0.0006946857 0.0006946857 0.0006946857 0.01631944 0.01631944 0.0246067 0.0246067 0.0246067 0.02706454 0.02706454 0.01985472 0.01985472 0.01985472 0.06176266 0.06176266 0.09489403 0.09489403 0.09489403 0.08445946 0.08445946 0.08445946 0.4916201 0.4916201 0.8347222 0.8347222 0.8347222 0.621049 0.621049 0.02632886 0.02632886 0.02632886 0.04512322 0.04512322 0.04512322 0.2389719 0.2389719 0.2315152 0.2315152 0.2315152 0.06252171 0.06252171 0.02637058 0.02637058 0.02637058 0.04131944 0.04131944 0.04131944 0.1422039 0.1422039 0.03717859
0.4208494 0.4208494 0.4208494 0.315508 0.315508 0.1651955 0.1651955 0.1651955 0.04747774 0.04747774 0.001388889 0.001388889 0.001388889 0.1365057 0.1365057 0.1365057 0.07705658 0.07705658 0.03301295 0.03301295 0.03301295 0.06356373 0.06356373 0.01687764 0.01687764 0.01687764 0.01846591 0.01846591 0.0490026 0.0490026 0.0490026 0.02572097 0.02572097 0.02572097 0.1218837 0.1218837 0.3997462 0.3997462 0.3997462 0.5397449 0.5397449 0.2958943 0.2958943 0.2958943 0.3343362 0.3343362 0.3343362 0.155543 0.155543 0.08980213 0.08980213 0.08980213 0.04409722 0.04409722 0.1118211 0.1118211 0.1118211 0.03559871 0.03559871 0.03559871 0.08715278 0.08715278 0.0781787
0.4208494 0.4208494 0.4208494 0.315508 0.315508 0.1651955 0.1651955 0.1651955 0.04747774 0.04747774 0.001388889 0.001388889 0.001388889 0.1365057 0.1365057 0.1365057 0.07705658 0.07705658 0.03301295 0.03301295 0.03301295 0.06356373 0.06356373 0.01687764 0.01687764 0.01687764 0.01846591 0.01846591 0.0490026 0.0490026 0.0490026 0.02572097 0.02572097 0.02572097 0.1218837 0.1218837 0.3997462 0.3997462 0.3997462 0.5397449 0.5397449 0.2958943 0.2958943 0.2958943 0.3343362 0.3343362 0.3343362 0.155543 0.155543 0.08980213 0.08980213 0.08980213 0.04409722 0.04409722 0.1118211 0.1118211 0.1118211 0.03559871 0.03559871 0.03559871 0.08715278 0.08715278 0.0781787
0.4208494 0.4208494 0.4208494 0.315508 0.315508 0.1651955 0.1651955 0.1651955 0.04747774 0.04747774 0.001388889 0.001388889 0.001388889 0.1365057 0.1365057 0.1365057 0.07705658 0.07705658 0.03301295 0.03301295 0.03301295 0.06356373 0.06356373 0.01687764 0.01687764 0.01687764 0.01846591 0.01846591 0.0490026 0.0490026 0.0490026 0.02572097 0.02572097 0.02572097 0.1218837 0.1218837 0.3997462 0.3997462 0.3997462 0.5397449 0.5397449 0.2958943 0.2958943 0.2958943 0.3343362 0.3343362 0.3343362 0.155543 0.155543 0.08980213 0.08980213 0.08980213 0.04409722 0.04409722 0.1118211 0.1118211 0.1118211 0.03559871 0.03559871 0.03559871 0.08715278 0.08715278 0.0781787
0.119334 0.119334 0.119334 0.107906 0.107906 0.1253482 0.1253482 0.1253482 0.01573427 0.01573427 0.06221673 0.06221673 0.06221673 0.05100625 0.05100625 0.05100625 0.02363573 0.02363573 0.0393401 0.0393401 0.0393401 0.01635906 0.01635906 0.01666667 0.01666667 0.01666667 0.1615799 0.1615799 0.05088757 0.05088757 0.05088757 0.01180146 0.01180146 0.01180146 0.08869565 0.08869565 0.5260417 0.5260417 0.5260417 0.4096007 0.4096007 0.2441113 0.2441113 0.2441113 0.2965275 0.2965275 0.2965275 0.1516484 0.1516484 0.04319554 0.04319554 0.04319554 0.1152778 0.1152778 0.1115506 0.1115506 0.1115506 0.01076389 0.01076389 0.01076389 0.4234109 0.4234109 0.06530045
